7.7340710420130625
8.395877172349497
9.821430683838464
10.526853438999014
10.49071497539957
6.883248108151724
7.221511841028127
8.608326688623482
11.106535200789228
9.437211630884097
8.893304877944322
7.355114956837873
5.816865403446767
7.321089952748377
9.10659476309686
8.18166798690029
8.514905041649927
4.47644117327709
9.372857058728663
10.437519468910894
7.352814031542507
8.491216767613977
8.396568065141544
8.593691971849676
6.618968437429678
9.228152576467805
5.470025455734007
4.62618604831736
13.203597933611121
7.021520081616621
7.003833936137958
11.604295514503361
4.322963954663884
6.111447286419018
10.064729161141432
9.40425946107896
5.341306426308591
7.880065092409455
8.767862858098328
8.266293179860224
11.908412739194652
7.360191460606229
9.659042703628224
7.125749493770547
6.1941269484370185
8.055058823928993
8.628067710693506
5.564189322033308
9.750639950097202
5.92399765287887
12.217778935513127
9.657504699970282
7.468200701667448
8.566226635734873
6.632809723918251
8.499248905075731
3.7458259862301357
9.95970692475138
6.142416131999295
5.101472658106881
7.964999045563184
9.250412858609508
10.549041420415811
11.454703987311522
10.103045016287684
10.179440864906173
9.801168575324596
9.433240872722472
3.098349578297226
9.936553704300731
9.3900758728328
8.563935692162715
7.319703011261728
7.806476629236602
6.43612920211111
7.944731932955721
8.09797450391165
10.0008212959547
6.077026096437612
6.7890901354006985
8.761435813367715
8.271628284778846
11.120935786992453
6.492070423572775
8.294487992623772
10.617944895165522
3.2320586268624947
11.26087204813578
8.614318589011305
5.266238099171018
7.127300115311637
6.517538667835026
8.925782384874914
12.289109222126442
9.729941416301234
7.639265610162617
9.37862951209477
4.932071407793957
5.744084924344903
7.940416197741648
8.729244922634775
7.490212086096388
8.46905722354517
8.821769738472225
3.936593985297238
4.703343633068596
6.774427425966719
9.753107676640614
5.024155815221449
8.512658009503284
9.565055492042983
5.551526914133347
10.987339012940648
6.6489853628748365
7.632174023791112
10.432081988512973
9.46669408341581
5.954936829952885
8.97855094316858
9.02997569488198
7.183492503226401
8.713751086111037
10.808776629415476
11.698814667234037
6.6750389148854365
6.921469746196655
6.429710206795407
6.502585701735988
7.812076905005992
5.1462080229391525
6.133977594792475
9.44422925266498
7.9823330965628045
8.755686833021915
4.170756426076683
8.049632494798107
5.947154549579073
8.201496222661614
9.396555193673494
4.516295305737534
8.496468426716731
9.723129018341531
8.327789668852553
6.7570928738662195
10.41458797433923
9.144407969229574
8.731618011994527
9.949473031926473
10.367145501366704
6.145126671942089
8.453331766471303
7.5340607238926305
8.897957469553928
6.966606668762734
5.565348983008455
9.54413423707802
9.306054967452257
9.146082434453495
7.936221803910454
7.316379009162105
10.816142886016298
4.396401139062891
4.771563675291563
10.169033072172274
5.43271757214127
8.862111403712273
8.343143772580172
5.677147325760191
6.744658161741434
5.893487330257736
4.839567141929605
6.868431450109735
9.60653892314015
8.229030589210186
9.949324010831129
5.99890286278761
3.813109838252812
6.129839575024332
6.052456746874317
9.496226483061976
10.184160593505885
10.12957283660686
9.097070517503152
5.2550646459230865
6.906541015748227
6.616504317323747
10.3218837053348
6.375381536006321
10.588858410343438
9.644804821749176
6.933696420787977
6.856576584515461
13.33928544239686
9.491264065953398
5.99051311275971
8.558582174382423
10.558703977563301
8.065934499300527
8.257711997058134
10.45772767306671
6.36425207590099
9.727999525128247
7.6838011597434805
10.446262553748177
7.592468288513308
5.043489792343739
5.8008738103138615
9.073516608315224
6.060329450896009
6.319119615929707
8.985355001827068
6.058427415916123
10.672988950329687
7.462517301499326
13.067129573817471
5.391294418478276
8.26920962677303
4.93916506188159
12.022514520152775
6.316429451703282
6.746333514102836
8.66239338999386
5.699723301417253
8.258072342130312
9.842105829738731
9.366432118315881
10.686741002622309
4.5714286422178505
10.952160256281225
8.155337368602954
8.34669302556923
9.404599494849563
9.43034782128526
5.525806780646491
11.74424085118766
10.642555872965533
5.306610054470917
5.538118405072977
9.298374926183909
6.548307867741585
7.762127171749905
5.912230807738927
7.154833917477859
10.891392940620076
12.185004129668329
10.25910146065507
7.696515442113235
7.951016015661078
7.883734477964964
11.196529483429462
9.536678536037158
9.261769106599179
8.345065389365368
6.354935214899064
9.683885081101856
10.818553632419079
7.857194950700164
10.80997485544196
9.659478190805144
4.600156874198817
9.210569185093556
6.371220085323355
7.708006625750293
6.921956139032675
7.724845518895894
9.098274572404826
7.391806418137004
5.573139092051747
9.232056041787166
9.938735644310162
6.934641848900798
10.09093214461391
6.279624503157837
10.5522045819211
6.164762912247321
7.429570404246508
10.597825836547681
12.781682822918395
8.80079931057092
9.034657310053008
8.88323828302115
10.733036066210392
11.847462704484606
4.685253004849041
8.898933972703427
9.790781473117997
5.655677720466905
9.085908781154563
7.149064205038069
6.606039480007611
7.303154809398047
8.445581963104821
10.213700828929385
8.974097591548023
7.723465455037073
7.727579834208533
9.621386265383006
4.7600070904814835
9.315318629376009
10.678428741929501
11.401683448204015
6.882008658846017
4.639493380155276
8.2106496856068
7.977907679158607
6.1740800530445075
8.285142782384286
10.57303555422617
9.238080638093782
8.828084841425147
5.4459887473889
10.541376826163638
10.677881743646932
4.579824773269493
7.709034402678716
6.618018396999066
7.977437701114931
9.464964529298115
5.609354545298638
7.516067320246925
9.063359518001871
7.099191303992198
9.263400184471806
10.16288086965393
9.989473721239722
9.658521037550269
10.96780275449844
4.897030936786614
7.640664334185391
8.03363431005884
6.332539861113289
4.766043931370671
6.6558528617088655
8.815352257734062
9.968028653636804
6.213165013585165
10.898571861446602
4.960428115565911
9.604403336583378
6.13078469578163
11.646925559407732
8.268648111574766
8.509816559727899
7.623078608506413
10.472028598383012
6.324836909752927
6.515296363451741
8.697730530598669
7.683235846915063
6.799053423357974
6.513503385094345
7.540698411519885
5.54085285806795
8.087277115486664
10.429363154650964
8.518937633810554
11.559141523050508
9.875657723374266
6.355306673597295
5.336366949181549
9.573651788913272
9.005605862435905
6.835016624727457
7.7102539791419815
11.954832354656302
8.859934143060181
10.330678830302134
8.130289324903204
7.780388980948909
9.708069263976661
8.887660842862918
11.931365403615066
7.332441987220953
8.227800301920604
9.937323708137004
7.497927145559874
8.773165188186786
10.231547056581796
11.197478225104362
10.939469566796477
7.297601366872962
8.539922446257084
5.409643762804641
6.697982094059407
8.866566037082672
10.9096520880077
9.440932390280222
8.795723678042304
10.229943221791162
7.943127620851577
8.579808333373137
5.043842894642678
6.047187069929372
2.8759705749172273
7.527391905701434
11.629730647626491
6.872579433492065
8.723284709398857
5.9459524891061575
9.293158682449823
9.350790284574856
6.708257809717851
8.708023256941106
7.124933025815513
3.775398593894736
7.290609447400145
9.140393558734237
6.819922436159738
9.698835109811279
9.66196725901158
9.368626847925242
7.468957464280331
8.763286404622752
7.627374169047266
8.045635563348352
12.439725143566452
6.233348971705427
7.909213095666833
8.71605430662197
6.325232057681202
9.021560055251243
7.098585368927693
8.582410500635254
9.355579450412897
6.59481929931771
9.908298844481072
8.383516377498122
8.211694857581408
8.810306391280866
10.052536360570627
10.673238634169866
2.708648433704945
4.328582068939253
8.699964741152446
12.865544804464752
7.564567852723255
7.164436478183664
6.937620109179188
6.687291567415251
9.671123199043357
6.964624414171139
7.388215674613117
8.116573035390363
6.487480168314195
6.030097052258938
5.520223853886528
6.928165374345002
6.611974614955749
6.035425235306482
6.835661633842838
7.682868251142644
11.13074400356706
10.261459630874626
9.440320271282822
9.13035287710299
6.79080771322484
7.6652742791554465
6.093617166996767
4.4470869982594206
9.582421994524848
6.28926697569058
10.145839901846974
12.025470497564925
10.697710639387246
5.670054954247782
8.064888447642003
8.88840790072414
8.904290031007308
5.973783377207024
8.219644799530805
6.609083707012359
9.305124859494002
8.970997084829847
5.956491146206025
7.641406895149685
7.441903927027156
2.6004335992787757
9.9222742842437
6.7222241747863904
7.045575440158678
6.939877402811501
7.419226924471449
10.039267374455967
8.97195941868727
9.167243955618284
9.142921631791229
7.297686998286173
8.293532865186888
8.499338523407241
6.069847195511011
4.877755728798608
9.037706155698153
5.289644942965209
8.303930317717969
9.064456153922093
8.146982456229374
9.024234658551086
7.223958758289021
8.702105862636046
6.9047832728410174
8.099426281274855
7.640629022503893
5.627915648087836
4.188038975773864
3.459789625571827
10.258689227023975
2.3512172767606216
3.9682474691192544
6.853775024139898
10.26455421928345
10.199229485241991
6.236459330539427
6.8005083078475055
6.097424255208759
8.302067543600616
11.982868433922862
6.657292108834744
7.538264628800311
7.09612418517981
9.799250783983933
6.759041196344918
9.832566067366274
10.687563088979552
7.207181072597053
9.610496919542957
9.591595838877003
9.566745282911521
11.530531185524334
8.654093262182748
6.4245086604540305
9.883627750608582
7.2180959378252245
9.885854061074557
6.665144460315763
8.111120559483009
9.266111693243808
5.938674494068074
5.854591095323546
6.954817412131409
6.266794274223035
9.040910471620816
12.102651370124171
7.625704059698667
6.335836454388897
8.7274513226786
4.252748194684984
5.546388682970266
7.157600349745909
8.219277031491615
8.057498297148781
7.915385046574843
10.149117043923159
11.160557838906168
8.829030082419287
5.542424620139792
7.240135189609404
6.715802518320783
6.4841626107910635
9.90364093879879
7.082503976879855
7.642970047257097
4.951215167507444
7.514340100258111
6.447945293231836
9.3102115533437
4.079237773475118
9.300741586291553
8.075171134162739
5.224310170511091
4.954090964280539
12.338235122861121
11.215230398339102
9.563639695635805
6.382234512544296
8.624929821745946
10.362544536523824
7.54866825938424
5.655436131066484
8.348027433983695
7.9398833342468444
5.804001467870414
6.952373827871596
7.2583872921350725
8.662709325792065
4.830832773959738
10.295403029065584
8.645088546928818
8.528416428984846
9.30311040261767
12.716955071894045
6.787562041110586
9.034850075268768
6.944591943880636
6.881536981882701
7.72528936005183
8.961466283817602
8.95606794449241
4.004704917398404
8.272429171202052
8.678950252486924
6.113072002161464
6.181874896085683
10.883683036811018
7.8353367604822575
10.323244686597201
7.954694125513323
9.259962171309079
6.978460225734527
9.493232942046856
2.8884178791806434
5.759614854596415
7.236485531980855
6.883718306655879
8.01048467666955
8.86926908445855
7.22602421797559
6.92327588813334
8.151809098240992
10.325248564532925
7.190582076091804
7.830490799522371
9.010631714401592
8.940522447932018
2.818105434042005
5.442939920204591
10.44284708381198
12.131637317576835
9.568319881420484
7.701929498089449
4.510747300683027
4.653343482129835
8.556377577233045
9.982834260177238
5.867513164665693
6.2526557946386045
8.067805186474674
6.880697939474379
8.484768842913784
11.053501116959401
12.428515701904267
3.593827077357414
5.695472699779439
8.780202083621306
9.275207663019955
8.926932853623342
8.797497265168065
5.925291267644306
9.36200843282604
8.191262108528903
6.140752716573859
7.250121884645168
10.659934692559819
8.378521048641325
5.7908666786417635
7.745061035583722
7.283353224136476
7.660915387314479
5.7829373856754485
6.066324370497856
9.723438252535544
10.19983911900989
6.013139726118166
6.3835196414959
6.2672465961311845
8.125324640074023
6.344763106110283
7.351629333201521
7.368548888624921
6.911244355804907
7.628704014984623
8.176715984951441
8.568365858633051
6.663641485421728
7.513548499965193
6.806523303344518
9.880872469897774
6.189357718168108
7.211738245403178
7.085338096828066
5.902454118511313
6.827796346294322
5.950900685082674
9.70982521642395
6.656007306319965
9.082998266115816
5.960253993202111
4.356512716077969
4.757007442849183
11.005250819353687
8.057563799045258
12.903071250614083
5.783952748214235
9.883271846615736
8.206094579605676
10.697043663686156
10.545733030887376
7.003373445868228
5.070800629876059
9.188691400164481
7.255476980831833
7.219298073584901
10.557502499300844
8.046201641865867
9.495625615862059
9.064119625723407
11.431532480900561
6.3102682507100285
7.773551565328204
9.49549602175264
7.935925120903833
9.942736454144043
10.432536329612926
7.697007989968892
5.6496429355413955
8.465586764916031
9.532114700218074
8.595841125292399
7.28248393862936
7.622332351142555
12.993051237804812
9.727483952430697
8.901973957409409
9.04824410021331
5.842502104526272
6.498015849737388
6.28764225401322
9.526114690797902
9.64740810248552
6.525460673199117
8.673169453171996
9.927862033492334
7.709068977902984
8.009672051610485
6.484556684696283
8.469084755294626
6.301139628979039
9.616097300233456
10.407196476668489
5.56120539834338
10.143202519446696
5.865673719545778
8.93697641316684
6.534196244946541
9.316711697962372
7.868393703026966
5.723610349487574
9.815202154094491
9.52605801125618
6.247303793929736
6.002109242672316
8.587626741076747
7.920986836140067
5.678577630729566
7.73847273889384
7.528833965514452
4.229100472017818
7.573802148071778
9.06524832752276
5.531400435887322
6.7092830107326265
11.063401369948448
9.433535844411606
7.47892110839335
5.949797002734867
12.209940557192358
8.957372690184785
10.081766888486142
5.191453683713222
10.268555341005438
8.652636592881287
7.677650148294564
7.744833510480037
7.7094139332251
9.244694131743556
7.845361822064913
8.781247451730206
6.155586222846695
8.416412737779464
6.291784023685962
9.20815898181361
10.711867908855783
10.456528994703541
5.881042199128217
8.934424688583057
6.436941907966848
6.590106082129154
5.014624388521842
8.12616271348112
4.203225565529162
9.374890230921777
5.248860196336077
10.212848685060141
6.914203412163684
7.225565162139796
11.166619625271464
6.438082669793531
9.256194700331669
4.089457122062006
10.655479142342108
7.912825934584959
8.09136380352559
7.284364288510902
7.340472431306931
8.816103545868128
5.796726680200523
8.90478585595799
9.074683756557455
9.16776235103897
6.7649481551338475
9.6340097357206
8.997071374399868
4.187198119519994
7.016459324706736
9.358831269960191
11.000586792092976
8.665103613961275
4.983019692890341
6.504467511652379
8.37138973766782
6.043290788133095
8.15044076721178
11.637350249722044
9.10986666290659
9.272975991754205
10.637968599809762
7.280383073866089
6.491010466725066
7.586838026927927
9.485518281601198
5.147972854931124
10.192967199559678
7.79520744573683
11.515024831361915
5.479162929428467
9.03163352429068
11.20576268343345
7.281705836581467
10.723418530965615
5.6039132003274785
5.172586776786672
7.565182825708366
8.698150650365536
7.667814504552449
11.321453131990726
8.374929421570581
7.01767917421379
6.650147984132062
8.662337879824593
11.389717829207893
10.930766899678162
8.975158677091532
3.867252947865464
9.707582250285782
9.0074771955786
5.789313719781843
6.684730072751874
7.113439066103053
9.670870770721473
5.679623301065636
12.216532935914161
6.907273897606427
9.182972726688927
7.371804182617353
8.455508380591999
10.754559843404834
6.314195253618969
7.9098168851244886
7.254623514990694
8.359259796382117
5.8722285591580405
8.688734823361685
5.223387771347547
6.354743391969654
6.0523247620603335
4.272129042899543
9.243224313946685
8.133715758587542
3.749452772716518
3.143592866223946
7.097107070473641
10.148523338759944
7.706070330504768
12.195559696643382
8.410107548836304
11.285899265597228
9.506447003521536
6.6856304765010055
5.574880492872099
6.569155987477583
6.007154814540721
9.015632731931133
5.567749462803214
7.541813914860694
7.625212409217345
9.471719816949319
8.394679254655669
7.150539552796772
10.625783822470304
9.191896560062773
4.488905662569181
9.352029150637755
5.555111268398484
8.678728294559352
6.569799390844783
9.213103903194993
2.384915331246124
7.273365580621632
5.900296820544421
11.667685262964483
9.306245393923097
7.022282188703577
6.012840035663907
11.555969536871604
8.3359534708648
8.54360715867319
6.781951140901326
6.341073730094111
7.0621559022422185
6.696521885611053
4.53324803251627
5.42849562488249
6.027762637661406
7.55349925363562
8.02466881870974
8.48938159830611
7.569025097319824
12.747948926940651
10.204097410746154
8.497295895883909
8.42175456936216
8.320178571371294
11.726147624285254
10.552991125886166
4.945832971531429
6.682447806937927
7.241638169871839
11.748722843654777
9.956435950327949
12.696869559704648
8.042068761983309
8.059470951423455
6.291710838318941
9.408028796564457
7.345225487711849
9.928344322413315
6.278764724515643
6.925098084775399
5.354919587698033
8.01373785376078
6.866260467841275
8.655838268807855
5.976437544946614
6.3538737397711955
8.13738508080993
9.310065544753265
3.572571003101195
10.552111134577071
9.479535903441512
8.303828064702786
8.425259445845734
9.506107242735641
4.434416019924845
8.990206244058943
5.080704879157064
8.759074900799787
6.280671856962314
9.022588588034123
8.210863695020283
5.897351120789084
7.983304638261996
7.873951440246739
7.062198273690693
9.430082215492895
8.761603639041105
7.283939848296169
4.004903043660627
10.54453973650598
9.780291024126349
7.150613450124414
7.325340447955135
12.166660307010599
8.636298430485205
5.604409488673981
8.451053515479579
7.946419279342723
5.5566528849175585
7.2353765269281425
10.50279183303124
4.4675162299068525
8.792987257660762
6.917255440733482
10.074807084837925
9.466446573693291
7.8486304068184625
9.842919813216058
8.750459314802256
7.497302582260128
9.082092029217627
6.88605460411328
8.831089512608626
