3.549200000000000000e+04
5.605800000000000000e+04
3.522500000000000000e+04
4.727600000000000000e+04
5.883300000000000000e+04
5.928600000000000000e+04
6.456800000000000000e+04
6.894200000000000000e+04
3.470000000000000000e+04
8.581300000000000000e+04
8.039100000000000000e+04
9.901900000000000000e+04
4.976300000000000000e+04
4.901900000000000000e+04
7.080200000000000000e+04
5.380200000000000000e+04
8.078500000000000000e+04
7.345400000000000000e+04
7.358100000000000000e+04
3.972200000000000000e+04
5.265500000000000000e+04
6.074900000000000000e+04
7.150700000000000000e+04
8.020800000000000000e+04
3.537500000000000000e+04
6.544400000000000000e+04
7.374000000000000000e+04
7.407000000000000000e+04
7.417100000000000000e+04
7.574000000000000000e+04
9.023300000000000000e+04
4.525700000000000000e+04
6.041700000000000000e+04
7.010300000000000000e+04
7.505700000000000000e+04
4.231000000000000000e+04
6.095400000000000000e+04
6.360900000000000000e+04
6.955900000000000000e+04
7.227400000000000000e+04
7.422400000000000000e+04
7.866400000000000000e+04
8.080200000000000000e+04
5.665100000000000000e+04
5.874600000000000000e+04
6.005900000000000000e+04
3.989200000000000000e+04
4.890900000000000000e+04
5.373600000000000000e+04
5.415700000000000000e+04
5.431100000000000000e+04
5.671600000000000000e+04
5.719100000000000000e+04
6.633600000000000000e+04
7.902700000000000000e+04
5.405100000000000000e+04
5.844200000000000000e+04
7.141000000000000000e+04
7.557300000000000000e+04
3.250600000000000000e+04
5.579100000000000000e+04
5.844300000000000000e+04
4.770000000000000000e+04
4.873200000000000000e+04
5.596300000000000000e+04
7.470600000000000000e+04
2.870400000000000000e+04
4.681900000000000000e+04
4.707100000000000000e+04
5.506700000000000000e+04
7.118900000000000000e+04
7.795900000000000000e+04
9.832000000000000000e+04
5.978500000000000000e+04
6.437800000000000000e+04
6.478400000000000000e+04
7.634000000000000000e+04
7.866300000000000000e+04
8.008800000000000000e+04
8.465100000000000000e+04
3.282200000000000000e+04
3.636900000000000000e+04
3.651200000000000000e+04
6.359900000000000000e+04
7.191900000000000000e+04
3.453200000000000000e+04
3.625600000000000000e+04
4.237800000000000000e+04
5.742800000000000000e+04
6.260700000000000000e+04
6.493900000000000000e+04
7.695700000000000000e+04
9.612000000000000000e+04
3.822100000000000000e+04
4.455500000000000000e+04
4.822600000000000000e+04
5.286100000000000000e+04
3.212700000000000000e+04
6.878600000000000000e+04
9.102400000000000000e+04
9.065900000000000000e+04
4.883900000000000000e+04
5.385300000000000000e+04
5.806000000000000000e+04
7.816700000000000000e+04
5.264100000000000000e+04
6.614000000000000000e+04
7.059100000000000000e+04
8.265300000000000000e+04
4.770900000000000000e+04
5.315300000000000000e+04
6.513500000000000000e+04
3.651800000000000000e+04
4.617100000000000000e+04
5.687300000000000000e+04
6.710200000000000000e+04
7.417600000000000000e+04
3.507200000000000000e+04
4.823000000000000000e+04
6.519000000000000000e+04
8.516800000000000000e+04
5.497700000000000000e+04
3.575100000000000000e+04
5.353800000000000000e+04
5.785700000000000000e+04
5.811800000000000000e+04
6.029500000000000000e+04
7.156600000000000000e+04
7.736200000000000000e+04
7.799300000000000000e+04
7.487300000000000000e+04
7.864900000000000000e+04
8.810900000000000000e+04
9.600300000000000000e+04
4.022200000000000000e+04
3.696900000000000000e+04
7.226300000000000000e+04
3.821900000000000000e+04
6.188900000000000000e+04
6.422300000000000000e+04
6.674000000000000000e+04
7.447000000000000000e+04
4.712900000000000000e+04
5.611200000000000000e+04
5.849500000000000000e+04
8.273800000000000000e+04
6.615800000000000000e+04
4.269000000000000000e+04
7.695700000000000000e+04
6.869600000000000000e+04
7.369200000000000000e+04
4.942000000000000000e+04
4.910500000000000000e+04
5.347300000000000000e+04
7.800200000000000000e+04
7.998700000000000000e+04
3.633500000000000000e+04
8.913800000000000000e+04
6.071200000000000000e+04
6.169200000000000000e+04
6.281600000000000000e+04
8.550200000000000000e+04
4.170000000000000000e+04
4.449300000000000000e+04
5.039600000000000000e+04
5.278900000000000000e+04
5.408000000000000000e+04
5.572500000000000000e+04
6.980800000000000000e+04
7.871400000000000000e+04
8.243600000000000000e+04
5.065900000000000000e+04
5.215400000000000000e+04
5.558300000000000000e+04
6.415500000000000000e+04
8.196100000000000000e+04
8.401600000000000000e+04
3.645500000000000000e+04
5.472500000000000000e+04
5.559400000000000000e+04
6.082200000000000000e+04
8.001300000000000000e+04
8.548000000000000000e+04
4.604300000000000000e+04
5.622200000000000000e+04
6.315400000000000000e+04
6.414600000000000000e+04
7.268900000000000000e+04
4.560800000000000000e+04
5.667100000000000000e+04
5.312000000000000000e+04
6.203500000000000000e+04
7.955500000000000000e+04
4.592500000000000000e+04
5.911900000000000000e+04
4.636400000000000000e+04
5.835100000000000000e+04
7.899700000000000000e+04
8.041500000000000000e+04
5.659700000000000000e+04
4.439600000000000000e+04
6.614300000000000000e+04
5.617300000000000000e+04
4.919600000000000000e+04
4.444100000000000000e+04
4.351300000000000000e+04
3.426100000000000000e+04
6.178200000000000000e+04
4.113000000000000000e+04
5.591600000000000000e+04
5.880200000000000000e+04
6.680500000000000000e+04
3.965300000000000000e+04
5.152000000000000000e+04
6.547200000000000000e+04
4.396600000000000000e+04
5.314100000000000000e+04
6.157800000000000000e+04
6.351600000000000000e+04
4.922400000000000000e+04
6.404700000000000000e+04
6.434700000000000000e+04
4.746500000000000000e+04
4.532100000000000000e+04
4.439100000000000000e+04
6.130200000000000000e+04
6.674900000000000000e+04
4.040700000000000000e+04
4.100500000000000000e+04
4.349400000000000000e+04
4.669100000000000000e+04
6.641900000000000000e+04
6.798600000000000000e+04
6.093700000000000000e+04
5.627100000000000000e+04
5.640000000000000000e+04
5.277300000000000000e+04
6.087600000000000000e+04
6.563800000000000000e+04
4.610100000000000000e+04
6.544500000000000000e+04
4.822600000000000000e+04
5.983300000000000000e+04
4.986000000000000000e+04
5.861600000000000000e+04
4.987000000000000000e+04
5.280100000000000000e+04
5.049500000000000000e+04
5.030200000000000000e+04
6.529400000000000000e+04
6.710300000000000000e+04
6.748900000000000000e+04
5.156200000000000000e+04
5.206600000000000000e+04
6.038000000000000000e+04
3.200900000000000000e+04
3.373600000000000000e+04
3.177100000000000000e+04
4.471300000000000000e+04
2.920800000000000000e+04
4.174900000000000000e+04
2.912500000000000000e+04
2.445400000000000000e+04
3.423100000000000000e+04
2.865200000000000000e+04
2.285800000000000000e+04
3.913800000000000000e+04
4.604700000000000000e+04
4.087700000000000000e+04
3.038800000000000000e+04
4.077400000000000000e+04
2.830700000000000000e+04
3.138200000000000000e+04
4.459300000000000000e+04
6.531500000000000000e+04
6.841300000000000000e+04
2.978000000000000000e+04
3.501200000000000000e+04
3.060900000000000000e+04
2.481000000000000000e+04
5.798400000000000000e+04
2.975700000000000000e+04
7.096700000000000000e+04
3.189800000000000000e+04
2.731500000000000000e+04
2.713400000000000000e+04
2.467600000000000000e+04
2.622500000000000000e+04
2.639300000000000000e+04
2.580000000000000000e+04
3.881900000000000000e+04
2.879000000000000000e+04
3.893200000000000000e+04
8.003600000000000000e+04
2.267800000000000000e+04
3.553000000000000000e+04
2.423500000000000000e+04
8.028500000000000000e+04
6.019700000000000000e+04
4.354400000000000000e+04
